172

4 3 23 62 1
4 6 60 19
4 127 121 122 5 2
4 127 64 34
4 3 114
8 0 31 74 17 15
8 0 32 33 34 24 4
8 0 32 34 24 1
8 0 32 33 12
8 7 35 2
8 68 67 69 9 3
8 68 67 49 19
8 68 112 29 26 10
8 68 112 136 7 4
8 68 112 137 136 7 5
8 68 112 153 8 4
8 91 32 24
8 105 55 106 16 7
8 19 104
9 11 69 41
9 34 56
10 11 69 8
10 27 29 26 10
10 55 106 16 12
10 55 107 11 27
10 55 121 122 5 3
10 65 89
15 14 17 0 43
15 17 0 18
15 59 7 35 20
15 59 51 34 24 9
15 40 139
25 2 22 23 62 3
25 2 22 52 10
25 28 50 6
25 29 26 46
25 148 12 7
25 2 179
26 28 50 49
26 29 26 40
26 110 24 23 62 14
26 27 98
35 31 74 17 6
35 31 153 8 2
35 33 34 24 1
35 33 43 25
35 37 52 16 17 0 2
35 37 52 24 23 62 1
35 37 52 123 59 13
35 45 157
42 34 24 7
42 43 6 36
42 28 60
44 2 22 52 3
44 45 29 26 1
44 46 45 29 26 8
44 59 51 34 24 17
44 38 68
57 45 29 26 25
57 18 85
62 0 32 33 8
62 0 34 24 1
62 0 119 13 3
62 0 140 137 136 7 1
62 0 140 137 46 7
62 49 47 66 7
62 49 48 47 66 5
62 49 114 102 68 5
62 110 24 23 62 11
62 110 96 117 115 54 8
62 110 119 13 22
62 1 110
63 81 63 7
63 20 90
70 50 17 0 15
70 50 86 87 14 1
70 67 49 41
70 69 9 14
70 36 95
75 6 60 33
75 67 92
76 77 78 22 4
76 78 22 10
76 30 83
80 79 81 63 3
80 79 82 71 29
80 81 63 44
80 53 58
85 87 14 7
85 123 59 9
85 61 76
90 59 51 34 24 15
90 91 32 23
90 39 75
103 102 68 4
103 104 102 68 31
103 51 84
109 43 6 4
109 53 23 62 1
109 53 39 38 40 44 4
109 53 51 34 24 1
109 53 51 69 9 14
109 53 55 121 122 5 3
109 53 55 127 64 22
109 53 74 17 1
109 58 50 86 87 14 7
109 58 56 40 44 36
109 107 11 12
109 108 70 15
109 25 58
118 115 54 26
118 131 23 19
118 136 7 24
118 31 83
120 31 153 8 2
120 91 32 23
120 119 13 30
120 122 5 41
120 37 92
126 78 22 28
126 29 97
130 111 91 32 12
130 111 112 153 8 13
130 129 74 17 20
130 129 132 42 16
130 131 23 41
130 132 42 1
130 155 10 14
130 56 101
135 4 72
139 136 7 16
139 138 136 7 13
139 141 58 20
139 15 115
142 112 153 8 24
142 115 54 16
142 129 132 42 4
142 136 7 24
142 137 46 43
142 138 136 7 22
142 140 137 46 29
142 140 138 136 7 2
142 140 144 55 9
142 141 58 2
142 153 8 19
142 48 111
146 108 70 3
146 112 153 8 4
146 144 55 11
146 145 141 58 24
146 57 99
147 28 50 18
147 53 74 17 7
147 53 144 55 11
147 101 102 68 10
147 148 12 44
147 150 119 13 13
147 21 137
149 73 143 69 9 2
149 102 68 30
149 141 58 14
149 150 119 13 20
149 47 131
154 29 26 5
154 113 16 17 0 15
154 113 83 86 87 14 1
154 113 108 70 20
154 113 132 42 1
154 155 10 20
154 156 138 136 7 6
154 156 155 10 21
154 41 80

