1033

0 51 58 242 120 19 4
0 51 58 366 3 4
0 76 84 148 2 4
0 106 119 466 3 4
0 106 120 241 1 4
0 106 121 323 15 4
0 316 77 91 450 3 4
0 316 315 322 351 104 4 4
0 316 315 322 355 87 191 1 4
0 316 315 324 242 120 1 4
0 316 315 324 300 3 4
0 316 330 443 5 4
0 322 355 87 191 14 4
0 360 283 284 307 579 163 1 4
0 360 283 304 875 448 2 4
0 360 283 304 339 11 4
0 400 395 402 935 52 3 4
0 400 399 421 256 1 4
0 525 195 203 347 2 4
0 565 571 877 40 5 4
0 565 571 296 5 4
0 627 638 202 1 4
0 842 849 114 1 4
0 1055 237 249 259 10 4
0 1055 856 862 29 5 4
0 1055 1026 626 259 273 598 249 1 4
0 1055 1057 129 3 4
9 1 3 71 34 1 0
9 1016 59 11 0
9 19 13 0
10 108 132 280 3 5
10 202 231 416 7 5
10 235 239 119 7 5
10 401 428 1099 170 5 5
10 430 434 48 124 6 5
10 485 491 392 28 5
10 485 492 477 12 5
10 525 195 203 347 13 5
10 525 195 204 791 233 10 5
10 525 526 341 643 325 14 5
10 628 640 555 16 10 5
10 647 655 263 6 5
10 756 742 108 132 280 6 5
10 1021 1034 193 2 5
10 1021 1036 356 118 9 5
10 1023 1045 948 398 2 5
10 1023 1045 225 10 5
17 18 35 389 12 5
17 18 36 334 28 5
17 18 316 330 443 2 5
17 236 51 58 366 5 5
17 236 245 903 66 6 5
17 236 246 476 2 5
17 236 248 288 14 5
17 236 856 862 29 12 5
17 361 76 84 148 6 5
17 361 76 85 908 154 1 5
17 361 76 85 305 9 5
17 361 238 175 77 93 49 8 5
17 361 238 175 177 100 8 5
17 361 238 254 408 1 5
17 361 364 69 228 2 5
17 398 395 402 935 52 5 5
17 486 76 85 305 1 5
17 715 720 273 6 5
17 1101 970 973 285 2 5
17 1101 985 281 259 273 598 249 18 5
17 1101 1106 440 2 5
19 15 23 201 15 5
19 15 24 773 46 2 5
19 15 927 945 432 4 5
19 17 1101 1106 440 4 5
19 17 1101 1110 405 7 5
19 20 39 445 7 5
19 20 40 21 7 5
19 20 77 93 49 14 5
19 37 748 351 104 2 5
19 321 347 121 323 13 5
19 321 347 314 7 5
19 454 360 283 304 339 1 5
19 454 360 399 421 256 6 5
19 454 475 240 6 5
19 511 515 330 8 5
19 511 1145 1143 1161 618 238 4 5
19 511 1145 1143 1162 165 93 49 4 5
19 511 1145 1143 1162 165 85 7 5
19 511 1145 1170 459 6 5
19 755 77 93 49 3 5
19 788 799 306 15 5
19 789 452 451 470 372 1162 165 85 1 5
19 789 452 472 419 3 5
19 789 803 365 4 5
29 16 27 341 13 3
29 16 28 319 3 3
29 16 175 177 100 8 3
29 16 626 259 273 598 249 4 3
29 16 626 259 274 99 14 3
29 550 46 361 1 3
29 550 720 273 6 3
29 550 86 7 3
29 94 44 3
49 21 41 1153 243 8 5
49 21 45 212 12 5
49 21 46 361 9 5
49 289 70 37 5
49 264 84 5
52 51 58 366 7 5
52 51 60 229 11 5
52 51 61 159 11 5
52 53 66 180 17 5
52 53 67 6 1 5
52 64 562 344 13 5
52 64 596 199 25 5
52 200 220 121 20 5
52 200 222 23 1 5
52 200 223 1027 113 1 5
52 626 259 274 99 3 5
52 626 632 62 15 5
52 626 634 187 15 5
52 997 568 585 244 8 5
52 997 1011 899 226 2 5
75 77 93 49 11 5
75 77 94 355 19 5
75 79 97 236 5 5
75 79 98 196 8 5
75 81 324 300 23 5
75 81 833 278 4 5
75 235 239 119 1 5
75 235 240 320 13 5
75 283 304 339 14 5
75 520 76 85 305 9 5
75 520 111 141 346 106 1 5
75 520 111 141 146 7 5
75 520 150 155 1088 367 7 5
75 520 320 319 344 188 13 5
75 999 772 782 461 12 5
75 999 1019 176 3 5
96 78 932 962 376 3 1
96 340 319 344 188 4 1
96 340 257 38 1
103 80 76 86 180 299 3 3
103 80 76 86 95 5 3
103 80 102 135 6 3
103 80 104 455 12 3
103 104 455 50 3
103 117 429 24 3
153 150 156 18 21 5
153 150 157 384 189 4 5
153 150 157 205 8 5
153 171 384 189 25 5
153 171 497 576 22 5 5
153 256 265 989 64 4 5
153 256 266 920 7 11 5
153 256 267 136 11 5
153 591 76 86 95 6 5
153 646 21 46 361 19 5
153 646 21 48 124 2 5
153 646 175 177 100 7 5
153 646 175 179 204 2 5
153 646 176 182 366 430 4 5
153 646 647 655 263 13 5
153 1078 1093 80 6 5
153 1078 1095 173 2 5
158 150 157 205 13 5
158 492 477 33 5
158 843 578 329 12 5
158 843 473 12 5
158 847 841 106 121 323 6 5
158 847 277 14 5
158 409 50 5
167 152 151 164 254 408 6 3
167 152 151 165 85 4 3
167 152 600 488 485 492 477 1 3
167 152 600 488 502 231 7 3
167 191 168 34 3
167 303 283 304 339 2 3
167 463 46 3
178 175 179 204 2 5
178 175 180 299 21 5
178 551 546 486 76 86 95 2 5
178 551 546 550 86 2 5
178 551 313 39 5
178 576 22 23 5
178 2 45 5
198 111 141 146 3 5
198 195 204 791 233 8 5
198 199 111 141 146 11 5
198 199 111 142 127 4 5
198 200 223 1027 113 11 5
198 200 224 282 32 5
198 200 225 342 6 5
198 202 231 416 8 5
198 202 234 562 344 4 5
198 202 234 942 0 2 5
198 660 151 165 85 1 5
198 660 154 172 255 3 5
198 660 154 173 112 6 5
198 660 154 565 571 296 1 5
198 660 647 655 263 9 5
198 660 647 656 899 226 1 5
198 996 1005 184 5 5
198 996 1010 181 234 10 5
198 996 1010 644 684 109 1 5
198 1065 450 453 473 468 10 5
198 1077 932 962 376 3 5
198 1077 932 963 374 9 5
198 1077 1086 369 2 5
206 169 203 4 5
206 195 204 791 233 1 5
206 195 204 899 226 7 5
206 195 208 426 7 5
206 195 209 492 477 1 5
206 195 210 15 14 5
206 195 211 438 12 5
206 363 360 399 421 256 2 5
206 363 53 39 5
206 131 63 5
228 201 227 3 3 5
228 201 229 134 3 5
228 294 281 259 274 99 4 5
228 294 281 292 150 2 5
228 294 483 456 482 338 4 5
228 294 483 456 998 113 111 142 127 1 5
228 294 483 1173 33 19 5
228 389 310 27 5
228 457 450 453 473 468 6 5
228 457 269 18 5
228 481 456 998 113 111 143 218 1 5
228 481 55 7 5
228 158 44 5
257 70 71 34 1 5
257 70 788 799 306 7 5
257 70 1021 1036 356 118 3 5
257 70 1021 1037 328 1 5
257 70 1077 1086 369 4 5
257 255 262 222 11 5
257 255 264 185 1 5
257 259 274 99 4 5
257 323 359 805 239 119 10 5
257 323 359 82 7 5
257 530 533 421 8 5
257 530 910 195 211 438 2 5
257 530 910 914 331 6 5
257 601 613 459 13 15 5
257 601 614 317 12 5
257 912 151 165 85 24 5
257 912 719 738 153 1 5
257 912 919 12 24 5
257 985 281 292 150 6 5
257 985 281 293 245 3 5
258 199 202 234 942 0 21 5
258 199 219 126 10 5
258 255 264 185 2 5
258 525 526 341 643 325 4 5
258 525 527 276 1 5
258 525 528 38 12 5
258 525 662 667 373 2 5
258 525 662 668 360 6 5
258 591 76 86 95 5 5
258 591 76 87 191 1 5
258 591 450 453 473 468 1 5
258 591 450 458 243 26 3 5
258 591 450 460 123 6 5
258 591 598 249 22 5
258 840 53 67 6 4 5
258 856 862 29 3 5
258 856 863 239 7 5
258 912 919 12 2 5
258 912 920 7 9 5
258 1056 772 782 461 5 5
258 1056 1060 452 11 5
258 1056 1061 47 9 5
258 1056 1062 102 4 5
263 807 133 16 5
263 1167 1027 113 4 5
263 1167 83 32 5
263 1193 221 23 5
263 76 75 5
286 10 1023 1045 225 19 5
286 10 1023 1046 229 134 1 5
286 280 186 191 168 3 5
286 280 186 742 754 1096 1012 8 2 5
286 280 291 172 4 5
286 280 1021 1037 328 5 5
286 281 293 245 1 5
286 282 296 74 2 5
286 282 297 101 1 5
286 282 302 178 8 5
286 282 565 571 296 1 5
286 314 934 330 443 15 5
286 314 1163 451 3 5
286 532 539 730 90 5 5
286 532 540 618 238 23 5
286 532 542 944 139 1 5
286 532 543 197 17 5
286 532 675 684 109 2 5
286 771 395 402 935 52 2 5
286 771 395 402 181 14 5
286 771 779 174 6 5
286 771 780 915 230 8 5
286 771 780 72 7 5
312 285 281 293 245 3 4
312 285 487 499 9 5 4
312 285 487 925 934 330 443 3 4
312 285 487 925 935 52 6 4
312 285 520 320 319 344 188 5 4
312 285 601 614 317 4 4
312 285 601 971 401 428 1099 170 8 4
312 285 601 971 401 429 32 1 4
312 881 329 316 330 443 1 4
312 881 329 368 7 4
312 881 868 259 274 99 7 4
312 881 868 882 479 5 4
312 111 53 4
331 317 332 87 9 4
331 541 532 675 686 327 6 4
331 541 588 335 1 4
331 541 216 23 4
331 853 809 789 803 365 7 4
331 1168 1144 151 165 85 2 4
331 1168 324 19 4
331 152 58 4
336 317 332 87 13 4
336 317 333 137 17 4
336 317 334 267 6 4
336 317 335 42 9 4
336 417 1136 211 6 4
336 417 160 29 4
336 39 37 4
358 323 359 82 24 3
358 516 397 31 3
358 182 45 3
361 364 69 228 4 5
361 366 430 14 5
361 369 358 21 5
361 432 430 434 48 124 2 5
361 432 430 434 437 15 5
361 565 571 296 1 5
361 565 572 220 13 5
361 865 237 249 259 21 5
361 865 237 251 1040 213 1 5
361 865 237 252 555 16 3 5
361 865 237 252 1086 369 4 5
361 865 870 893 588 335 6 5
361 970 973 285 16 5
361 970 975 413 7 5
361 970 976 260 12 5
361 997 1011 899 226 1 5
361 1076 1077 1086 369 7 5
361 1076 1077 1087 417 2 5
370 315 324 300 9 5
370 315 325 200 16 5
370 315 326 464 6 5
370 360 399 421 256 5 5
370 372 1162 165 85 18 5
370 531 76 87 191 2 5
370 531 537 312 23 5
370 531 538 175 4 5
370 625 322 355 87 191 1 5
370 625 322 356 118 4 5
370 647 656 899 226 11 5
370 662 668 360 14 5
370 662 670 27 9 5
370 662 671 624 457 2 5
370 662 672 559 209 10 5
370 662 674 1173 33 1 5
370 789 803 365 13 5
370 789 805 239 119 2 5
381 152 600 488 502 231 2 5
381 152 927 945 432 4 5
381 152 927 948 398 8 5
381 152 997 1011 899 226 1 5
381 152 997 1012 8 9 5
381 388 783 286 2 5
381 531 538 175 21 5
381 546 550 86 12 5
381 546 552 446 12 5
381 546 715 720 273 7 5
381 590 594 894 71 7 5
381 590 595 274 99 12 5
381 590 595 345 140 11 5
381 1022 925 935 52 1 5
381 1022 1038 350 5 5
381 1022 1039 183 2 5
381 1022 1040 213 25 5
381 1100 1103 254 9 5
407 7 915 230 1 5
407 35 389 12 5
407 395 402 181 22 5
407 395 403 939 401 5 5
407 395 404 179 13 5
407 336 97 5
415 13 10 1076 1077 1087 417 7 5
415 207 208 426 38 5
415 265 989 64 9 5
415 265 274 21 5
415 397 399 421 256 3 5
415 397 412 579 163 9 5
415 397 414 281 6 5
415 130 55 5
433 185 190 403 15 5
433 196 213 144 20 5
433 431 382 112 145 311 1 5
433 431 440 44 5 5
433 431 841 106 121 323 5 5
433 560 113 111 143 218 1 5
433 647 656 899 226 12 5
433 647 657 97 236 15 5
433 789 805 239 119 5 5
433 789 806 194 16 5
433 789 807 133 6 5
433 815 839 73 1 5
433 855 677 690 242 2 5
433 865 870 893 588 335 7 5
433 865 870 894 71 12 5
433 865 870 895 1083 210 4 5
433 865 874 30 15 5
433 865 875 448 7 5
433 1130 10 1076 1077 1087 417 1 5
437 34 18 316 330 443 8 2
437 34 125 15 2
437 430 434 437 14 2
437 430 439 386 1 2
437 275 24 2
522 128 107 127 223 13 5
522 520 320 319 344 188 1 5
522 520 320 345 140 2 5
522 520 322 356 118 14 5
522 520 486 76 87 191 13 5
522 833 278 21 5
522 878 472 21 5
522 394 65 5
547 546 715 720 273 1 5
547 546 715 721 235 5 5
547 546 715 722 292 3 5
547 554 359 2 5
547 555 16 12 5
547 558 449 8 5
547 559 209 37 5
547 646 647 657 97 236 5 5
547 646 647 658 343 4 5
547 646 652 142 127 20 5
547 646 653 420 1 5
547 741 255 264 185 8 5
547 741 749 79 13 5
547 756 742 754 1096 1012 8 1 5
547 756 742 754 192 1 5
547 770 78 932 963 374 7 5
547 1065 450 460 123 1 5
547 1065 450 464 308 16 5
547 1065 1067 81 5 5
567 235 240 320 6 5
567 235 241 165 18 5
567 235 242 120 4 5
567 380 150 157 205 21 5
567 380 150 159 345 10 5
567 577 157 44 5
567 578 329 11 5
567 579 163 33 5
567 580 247 3 5
569 286 840 53 67 6 5 5
569 397 414 281 5 5
569 397 416 458 24 5
569 565 572 220 11 5
569 565 573 45 2 5
569 588 335 43 5
569 589 88 24 5
569 741 749 79 11 5
569 911 1 3 71 34 1 5
569 996 1010 644 684 109 8 5
569 996 1010 644 128 2 5
569 1175 238 254 408 12 5
569 1175 238 281 293 245 2 5
581 240 320 10 4
581 435 127 223 9 4
581 435 56 27 4
581 567 580 247 6 4
581 567 582 315 13 4
581 567 1101 1110 405 5 4
581 460 46 4
600 488 502 231 1 5
600 488 504 84 11 5
600 605 326 16 5
600 606 3 71 34 3 5
600 606 421 256 25 5
600 607 36 24 5
600 608 428 31 5
600 610 370 22 5
600 611 877 40 4 5
600 612 309 13 5
603 112 145 311 19 5
603 201 229 134 2 5
603 315 326 464 6 5
603 315 328 116 12 5
603 315 716 723 10 2 5
603 315 716 724 807 133 1 5
603 316 330 443 20 5
603 316 925 935 52 13 5
603 602 430 439 386 4 5
603 602 615 371 13 5
603 602 616 1121 375 13 5
603 602 1026 626 634 187 2 5
603 618 238 32 5
603 740 50 55 321 4 5
603 1070 107 127 223 5 5
603 1070 398 395 405 415 2 5
620 235 242 120 21 5
620 235 243 26 10 5
620 259 274 99 2 5
620 259 275 290 2 5
620 321 347 314 5 5
620 371 375 4 14 5
620 400 399 421 256 7 5
620 400 422 456 20 5
620 400 423 195 2 5
620 432 430 439 386 1 5
620 432 443 190 15 5
620 624 457 9 5
620 628 640 555 16 3 5
620 741 749 79 3 5
620 741 750 311 467 3 5
620 741 750 63 8 5
620 741 751 302 4 5
620 741 752 471 7 5
620 785 791 233 5 5
620 912 920 7 9 5
645 105 116 162 7 5
645 105 322 356 118 9 5
645 318 338 422 5 5
645 318 339 5 1 5
645 382 112 145 311 9 5
645 382 389 310 4 5
645 511 1145 1170 459 1 5
645 560 113 111 143 218 9 5
645 560 113 111 144 340 19 5
645 560 196 213 144 2 5
645 560 196 214 66 180 3 5
645 560 284 307 579 163 6 5
645 560 284 307 25 5 5
645 647 658 343 12 5
645 648 169 203 8 5
645 910 914 331 20 5
645 910 915 230 11 5
645 985 281 293 245 13 5
645 985 281 295 155 1088 367 6 5
661 109 134 60 4 5
661 560 284 307 25 10 5
661 560 562 344 9 5
661 560 565 573 45 13 5
661 560 789 808 393 15 5
661 756 742 754 192 1 5
661 770 78 932 963 374 5 5
661 770 78 932 964 237 3 5
661 770 431 841 106 121 323 1 5
661 770 431 841 106 123 353 4 5
661 770 773 46 16 5
661 856 863 239 14 5
661 985 281 295 155 1088 367 2 5
661 1025 625 322 356 118 13 5
661 1025 625 629 962 376 1 5
661 1025 625 630 258 3 5
661 1025 1021 1037 328 2 5
661 1025 1049 94 355 17 5
661 1025 1049 344 188 5 5
661 1100 1104 61 12 5
680 185 190 403 9 5
680 185 235 243 26 6 5
680 532 675 686 327 8 5
680 532 717 729 427 2 5
680 532 788 799 306 10 5
680 532 1055 1057 129 23 5
680 532 1055 1058 252 3 5
680 676 687 465 6 5
680 676 689 656 899 226 14 5
680 678 186 742 754 192 6 5
680 678 284 309 1001 346 11 5
680 678 284 311 467 8 5
680 678 694 470 2 5
680 705 136 92 26 5
680 705 222 23 16 5
681 1 3 71 34 10 5
681 432 443 190 10 5
681 432 446 28 3 5
681 646 653 420 4 5
681 646 925 935 52 3 5
681 646 925 937 37 4 5
681 646 1020 1029 1013 272 1 5
681 646 1020 1031 307 3 5
681 679 695 1153 243 9 5
681 679 696 67 13 5
681 682 709 462 6 5
681 682 710 359 82 32 5
681 682 710 491 392 5 5
681 757 485 492 477 9 5
681 757 716 724 807 133 4 5
681 1076 1077 1087 417 9 5
681 1076 1077 1088 367 4 5
681 1076 1083 210 2 5
681 1076 1084 304 17 5
681 1076 1085 75 2 5
740 50 55 321 4 5
740 76 87 191 12 5
740 76 89 50 3 5
740 151 165 85 1 5
740 151 166 768 478 268 5 5
740 151 166 768 357 4 5
740 151 166 833 278 5 5
740 151 166 349 6 5
740 176 183 354 2 5
740 485 492 477 17 5
740 743 161 1 5
740 744 57 3 5
740 745 382 27 5
740 746 229 134 2 5
740 746 294 17 5
740 748 351 104 22 5
740 995 1000 68 4 5
740 1056 1062 102 15 5
755 77 94 355 2 5
755 77 95 1152 58 6 5
755 108 132 280 22 5
755 150 159 345 7 5
755 150 161 404 18 5
755 150 162 381 13 5
755 283 304 339 3 5
755 283 305 41 24 5
755 283 306 190 403 2 5
755 283 306 267 136 1 5
755 370 789 808 393 4 5
755 396 408 103 27 5
755 757 756 742 754 192 5 5
755 757 756 761 379 7 5
755 757 768 357 5 5
755 757 769 333 4 5
759 755 757 769 333 5 5
759 755 758 284 4 5
759 755 841 106 123 353 9 5
759 755 841 106 124 1151 141 2 5
759 850 149 38 5
759 891 377 16 5
759 1139 1131 320 345 140 12 5
759 96 47 5
776 771 780 72 23 3
776 771 781 431 10 3
776 1048 1024 1055 1058 252 10 3
776 1048 362 31 3
776 412 26 3
814 51 61 159 39 5
814 51 62 337 8 5
814 108 132 280 13 5
814 371 375 4 6 5
814 371 377 475 4 5
814 371 378 380 10 5
814 455 476 1060 452 16 5
814 455 478 268 4 5
814 455 479 917 908 154 29 5
814 815 839 73 19 5
814 815 930 928 950 279 2 5
820 517 511 1145 1170 459 2 4
820 517 248 32 4
820 810 202 234 942 0 2 4
820 810 202 399 421 256 1 4
820 904 872 905 287 7 4
820 904 914 331 14 4
820 166 51 4
851 298 282 565 574 395 5 5
851 298 219 22 5
851 713 819 316 6 5
851 842 849 114 9 5
851 842 850 149 15 5
851 396 93 5
871 510 512 324 300 6 5
871 510 512 78 24 5
871 510 513 469 13 5
871 510 647 658 343 2 5
871 510 647 659 277 177 4 5
871 855 677 690 242 7 5
871 855 857 115 4 5
871 855 858 243 26 8 5
871 868 882 479 11 5
871 869 872 905 287 15 5
871 869 888 65 10 5
871 872 905 287 7 5
871 899 226 5 5
871 900 1057 129 8 5
871 903 66 25 5
871 998 113 111 144 340 1 5
873 1 3 71 34 1 5
873 1 3 433 6 5
873 1 4 389 310 1 5
873 1 7 915 230 14 5
873 1 8 198 23 5
873 454 475 240 7 5
873 454 841 106 124 1151 141 3 5
873 855 858 243 26 6 5
873 867 112 145 311 1 5
873 869 888 65 15 5
873 869 891 377 22 5
873 872 905 287 10 5
873 908 154 41 5
887 500 487 925 937 37 7 3
887 500 93 29 3
887 868 882 479 22 3
887 868 883 215 2 3
887 868 884 651 14 10 3
887 143 19 3
896 871 998 113 111 144 340 1 5
896 871 998 113 148 251 7 5
896 871 998 113 149 289 3 5
896 871 998 1014 208 2 5
896 871 998 1017 453 12 5
896 871 1077 1088 367 2 5
896 1059 1055 1058 252 17 5
896 1059 156 28 5
896 1197 1179 1176 1182 1151 141 4 5
896 1197 35 37 5
896 89 35 5
898 91 450 42 5
898 299 282 565 574 395 1 5
898 299 282 565 575 24 4 5
898 299 282 971 401 429 32 1 5
898 818 810 202 399 421 256 2 5
898 818 810 812 827 439 15 5
898 818 810 812 828 270 7 5
898 818 810 816 363 4 5
898 265 74 5
911 1 8 198 5 5
911 1 565 575 24 22 5
911 1 627 638 202 3 5
911 1 1143 1162 165 85 14 5
911 1 1143 1163 451 1 5
911 80 104 455 4 5
911 196 214 66 180 6 5
911 280 1021 1037 328 5 5
911 280 1179 1176 1182 1151 141 1 5
911 280 1179 1176 1183 61 159 1 5
911 400 423 195 2 5
911 545 395 405 415 7 5
911 628 640 555 16 3 5
911 628 642 356 118 12 5
911 628 643 325 6 5
911 628 644 128 9 5
911 912 920 7 2 5
911 912 922 364 9 5
911 912 924 447 28 5
911 912 928 950 279 8 5
911 917 908 154 2 5
926 76 89 50 3 5
926 76 90 155 9 5
926 380 150 162 381 9 5
926 380 383 64 596 199 6 5
926 380 383 125 473 468 2 5
926 380 384 189 15 5
926 600 612 309 1 5
926 928 950 279 4 5
926 928 952 1012 8 4 5
926 928 952 332 12 5
926 930 928 952 332 7 5
926 932 964 237 4 5
926 932 966 939 401 12 5
926 932 966 351 7 5
926 940 1028 234 942 0 7 5
926 942 0 30 5
926 944 139 18 5
933 510 647 659 277 177 5 5
933 856 863 239 4 5
933 856 864 276 246 21 5
933 866 877 40 3 5
933 925 937 37 15 5
933 925 938 132 7 5
933 925 939 401 6 5
933 927 948 398 10 5
933 930 955 322 9 5
933 932 966 351 9 5
933 932 967 145 311 1 5
933 932 967 882 479 1 5
933 969 1151 141 9 5
933 1178 320 345 140 11 5
933 1178 320 346 106 15 5
933 1178 1179 1176 1183 61 159 8 5
933 1178 1179 1176 1183 242 120 6 5
933 1178 1179 1176 1184 227 9 5
933 1178 1179 1198 1195 214 1 5
941 444 432 446 28 5 1
941 444 383 24 1
941 926 944 139 9 1
947 725 717 729 427 11 3
947 725 717 730 90 3 3
947 725 207 14 3
947 927 948 398 9 3
947 927 949 665 474 5 3
947 378 39 3
986 110 140 883 215 11 5
986 110 626 634 187 14 5
986 259 275 290 2 5
986 259 277 177 2 5
986 259 278 243 26 4 5
986 486 76 90 155 6 5
986 486 494 402 6 5
986 486 495 410 5 5
986 486 496 180 299 3 5
986 590 596 199 7 5
986 620 912 928 952 332 4 5
986 620 971 981 442 15 5
986 620 1176 1184 227 3 5
986 679 696 67 7 5
986 679 702 191 168 5 5
986 679 703 1062 102 2 5
986 742 754 192 2 5
986 787 113 149 289 1 5
986 787 788 799 306 2 5
986 787 788 802 293 8 5
986 787 797 802 293 1 5
986 787 797 164 22 5
986 972 983 303 9 5
986 1056 1062 102 4 5
986 1056 1064 400 5 5
987 641 670 27 4 5
987 641 266 11 5
987 985 281 295 155 1088 367 1 5
987 985 988 414 4 5
987 985 989 64 5 5
987 985 992 436 22 5
987 1052 1026 626 634 187 2 5
987 1052 1026 1054 435 3 5
987 1052 356 35 5
987 271 63 5
1030 291 172 27 5
1030 543 197 25 5
1030 863 239 6 5
1030 348 92 5
1043 379 371 662 674 1173 33 5 5
1043 379 371 662 1141 1151 141 3 5
1043 379 478 40 5
1043 669 859 828 270 8 5
1043 857 115 26 5
1043 1022 1040 213 9 5
1043 1022 1042 3 433 2 5
1043 138 49 5
1063 25 35 389 18 5
1063 1056 1064 400 27 5
1063 1187 726 232 17 5
1063 454 88 5
1070 398 395 405 415 2 5
1070 398 418 301 3 5
1070 430 439 386 39 5
1070 682 710 491 392 11 5
1070 682 711 434 6 5
1070 682 714 66 180 2 5
1070 719 738 153 3 5
1070 970 976 260 2 5
1070 970 977 338 422 4 5
1070 1065 1067 81 13 5
1070 1072 253 8 5
1070 1073 142 4 5
1070 1074 186 12 5
1070 1146 1143 1163 451 3 5
1070 1146 1172 749 79 5 5
1070 1146 1172 217 33 5
1089 434 437 38 5
1089 707 463 450 464 308 5 5
1089 1034 193 35 5
1089 1077 1088 367 5 5
1089 406 67 5
1094 777 318 30 5
1094 962 376 34 5
1094 1078 1095 173 10 5
1094 110 76 5
1097 739 719 738 153 8 5
1097 739 262 35 5
1097 1079 565 575 24 2 5
1097 1079 1096 1012 8 15 5
1097 1079 1099 170 15 5
1097 108 55 5
1102 382 389 310 20 5
1102 382 390 635 102 135 1 5
1102 382 392 145 6 5
1102 397 416 458 4 5
1102 451 470 372 1162 165 85 6 5
1102 451 470 1027 113 9 5
1102 451 471 206 11 5
1102 590 596 199 12 5
1102 678 694 470 26 5
1102 678 756 761 379 5 5
1102 678 856 864 276 246 8 5
1102 718 731 20 11 5
1102 718 733 66 180 3 5
1102 718 733 91 9 5
1102 718 735 48 15 5
1102 1113 224 4 5
1114 268 257 985 992 436 7 5
1114 424 400 423 195 3 5
1114 424 261 11 5
1114 514 510 647 659 277 177 24 5
1114 514 1129 338 422 7 5
1114 514 1129 283 11 5
1114 548 545 395 405 415 2 5
1114 548 545 395 406 384 20 5
1114 728 717 730 90 8 5
1114 1102 1113 224 10 5
1114 407 47 5
1115 108 132 280 6 5
1115 108 133 298 9 5
1115 186 742 754 192 23 5
1115 186 972 983 303 3 5
1115 1025 1049 344 188 7 5
1115 1025 1050 219 126 24 5
1115 1025 1051 385 10 5
1115 1119 576 22 7 5
1115 1119 43 30 5
1115 1120 242 120 5 5
1115 1121 375 5 5
1115 1122 391 21 5
1116 51 62 337 1 5
1116 51 63 98 3 5
1116 51 284 311 467 10 5
1116 51 856 864 276 246 5 5
1116 76 90 155 2 5
1116 185 235 243 26 9 5
1116 185 812 828 270 4 5
1116 185 812 829 1155 390 27 5
1116 625 630 258 18 5
1116 840 53 67 6 4 5
1116 840 53 69 228 23 5
1116 1065 1067 81 19 5
1116 1123 122 8 5
1116 1124 97 15 5
1116 1125 543 197 2 5
1117 52 997 1013 272 9 5
1117 566 576 22 5 5
1117 628 644 128 19 5
1117 716 724 807 133 19 5
1117 786 794 344 188 21 5
1117 786 795 167 1 5
1117 855 858 243 26 11 5
1117 1127 352 26 5
1117 1128 39 445 34 5
1117 1129 283 5 5
1130 10 1076 1085 75 15 5
1130 10 1176 1184 227 6 5
1130 10 1179 1198 1195 214 11 5
1130 237 252 1086 369 3 5
1130 510 647 659 277 177 1 5
1130 531 538 175 8 5
1130 545 395 406 384 3 5
1130 813 662 1141 1151 141 11 5
1130 813 662 1141 1152 58 1 5
1130 813 662 1141 1153 243 9 5
1130 813 662 1141 1155 390 2 5
1130 813 833 278 4 5
1130 813 834 246 476 2 5
1130 813 835 372 17 5
1130 926 944 139 2 5
1130 995 1000 68 12 5
1130 998 1017 453 8 5
1130 998 1018 425 9 5
1130 1134 117 3 5
1130 1135 418 23 5
1142 18 316 925 939 401 3 5
1142 18 840 682 714 66 180 6 5
1142 18 840 682 714 169 14 5
1142 18 840 843 473 13 5
1142 18 840 996 1010 644 128 8 5
1142 18 1146 1172 217 1 5
1142 520 486 496 180 299 12 5
1142 520 486 497 576 22 1 5
1142 645 1065 1067 81 1 5
1142 645 1065 1068 77 5 5
1142 645 1065 1069 399 3 5
1142 855 858 243 26 20 5
1142 855 932 967 882 479 5 5
1142 855 932 968 424 5 5
1142 855 1026 1054 435 10 5
1142 1143 1163 451 1 5
1142 1143 1164 105 4 5
1142 1144 151 166 349 23 5
1142 1144 195 211 438 2 5
1142 1144 1166 69 13 5
1159 1092 1078 1095 173 6 2
1159 1092 295 11 2
1159 1143 1164 105 17 2
1159 171 40 2
1175 238 281 295 155 1088 367 12 5
1175 238 772 782 461 10 5
1175 238 772 784 291 4 5
1175 520 486 497 576 22 5 5
1175 520 523 132 280 3 5
1175 520 524 11 16 5
1175 545 395 406 384 6 5
1175 545 549 31 11 5
1175 628 644 128 2 5
1175 660 647 659 277 177 3 5
1175 660 665 474 22 5
1175 841 627 638 202 24 5
1175 1131 320 346 106 2 5
1175 1140 259 278 243 26 4 5
1175 1140 1143 1164 105 2 5
1175 1140 1143 1165 66 180 1 5
1175 1140 1147 17 1 5
1175 1140 1148 347 314 9 5
1175 1140 1149 54 13 5
1177 107 127 223 5 5
1177 380 384 189 8 5
1177 380 386 107 10 5
1177 396 408 103 6 5
1177 432 446 28 1 5
1177 489 505 722 292 12 5
1177 489 506 441 5 5
1177 489 508 121 323 2 5
1177 489 509 51 9 5
1177 545 549 31 3 5
1177 786 795 167 9 5
1177 1022 1042 3 433 5 5
1177 1077 1088 367 4 5
1177 1178 1179 1198 1195 214 19 5
1177 1178 1193 221 6 5
1177 1178 1195 214 2 5
1177 1185 151 10 5
1177 1186 411 24 5
1177 1188 387 10 5
1192 823 811 822 1 1 5
1192 823 811 824 423 20 5
1192 823 811 1131 320 346 106 1 5
1192 823 811 1131 866 877 40 6 5
1192 823 811 1131 1136 211 11 5
1192 823 811 1131 1137 250 1 5
1192 823 979 444 4 5
1192 823 1054 435 3 5
1192 1041 1022 1042 3 433 13 5
1192 1177 1188 387 1 5
1192 1177 1190 147 7 5
1192 1177 1191 388 26 5
1192 297 56 5

